{
  "chart_type": "heatmap",
  "title": "Feature Correlation Matrix",
  "labels": [
    "Day_of_Week",
    "Accident_Location_A",
    "Accident_Location_A_Chainage_km",
    "Accident_Location_A_Chainage_km_RoadSide",
    "Accident_Severity_C",
    "Causes_D",
    "Road_Feature_E",
    "Road_Condition_F",
    "Weather_Conditions_H",
    "Vehicle_Type_Involved_J_V1",
    "Vehicle_Type_Involved_J_V2"
  ],
  "values": [
    [
      1.0,
      0.026,
      -0.028,
      -0.013,
      -0.013,
      0.007,
      -0.008,
      0.001,
      0.016,
      -0.003,
      0.031
    ],
    [
      0.026,
      1.0,
      -0.375,
      -0.018,
      0.078,
      0.044,
      -0.165,
      0.145,
      0.087,
      -0.061,
      0.018
    ],
    [
      -0.028,
      -0.375,
      1.0,
      0.001,
      -0.138,
      -0.004,
      0.295,
      -0.255,
      -0.137,
      0.019,
      -0.09
    ],
    [
      -0.013,
      -0.018,
      0.001,
      1.0,
      -0.006,
      0.018,
      0.019,
      -0.027,
      -0.024,
      0.032,
      0.049
    ],
    [
      -0.013,
      0.078,
      -0.138,
      -0.006,
      1.0,
      0.13,
      -0.055,
      0.085,
      0.074,
      -0.11,
      -0.095
    ],
    [
      0.007,
      0.044,
      -0.004,
      0.018,
      0.13,
      1.0,
      0.054,
      -0.037,
      -0.065,
      -0.028,
      0.05
    ],
    [
      -0.008,
      -0.165,
      0.295,
      0.019,
      -0.055,
      0.054,
      1.0,
      -0.475,
      -0.521,
      0.018,
      0.082
    ],
    [
      0.001,
      0.145,
      -0.255,
      -0.027,
      0.085,
      -0.037,
      -0.475,
      1.0,
      0.405,
      -0.018,
      -0.06
    ],
    [
      0.016,
      0.087,
      -0.137,
      -0.024,
      0.074,
      -0.065,
      -0.521,
      0.405,
      1.0,
      -0.034,
      -0.118
    ],
    [
      -0.003,
      -0.061,
      0.019,
      0.032,
      -0.11,
      -0.028,
      0.018,
      -0.018,
      -0.034,
      1.0,
      0.11
    ],
    [
      0.031,
      0.018,
      -0.09,
      0.049,
      -0.095,
      0.05,
      0.082,
      -0.06,
      -0.118,
      0.11,
      1.0
    ]
  ]
}